// Banco de Dados de Monstros Adicionais
//
// Estrutura de banco de dados :
// ID,Sprite_Name,kROName,iROName,LV,HP,SP,EXP,JEXP,Range1,ATK1,ATK2,DEF,MDEF,STR,AGI,VIT,INT,DEX,LUK,Range2,Range3,Scale,Race,Element,Mode,Speed,aDelay,aMotion,dMotion,MEXP,ExpPer,MVP1id,MVP1per,MVP2id,MVP2per,MVP3id,MVP3per,Drop1id,Drop1per,Drop2id,Drop2per,Drop3id,Drop3per,Drop4id,Drop4per,Drop5id,Drop5per,Drop6id,Drop6per,Drop7id,Drop7per,Drop8id,Drop8per,Drop9id,Drop9per,DropCardid,DropCardper

// Easter Event Monsters
//1920,EASTER_EGG,Easter Egg,Easter Egg,3,300,0,4,4,0,1,2,20,20,1,1,1,1,1,20,10,12,0,0,60,128,1000,1001,1,1,0,0,0,0,0,0,0,0,1010,250,935,500,558,300,501,200,501,200,713,800,558,300,558,300,0,0,0,0
//1921,EASTER_BUNNY,Easter Bunny,Easter Bunny,6,1800,0,60,55,1,20,26,0,40,1,36,6,1,11,80,10,10,0,2,60,181,200,1456,456,336,0,0,0,0,0,0,0,0,2250,200,515,8000,727,1200,746,1500,706,30,622,50,534,5000,0,0,0,0,4006,70

// eAthena Dev Team
//1900,VALARIS,Valaris,Valaris,99,668000,0,107250,37895,2,3220,4040,35,45,1,152,96,85,120,95,10,10,2,6,67,1973,100,1068,768,576,13000,5000,608,1000,750,400,923,3800,1466,200,2256,200,2607,800,714,500,617,3000,984,4300,985,5600,0,0,0,0,4147,1
//1901,VALARIS_WORSHIPPER,Valaris's Worshipper,Valaris's Worshipper,50,8578,0,2706,1480,1,487,590,15,25,1,75,55,1,93,45,10,12,0,6,27,1685,100,868,480,120,0,0,0,0,0,0,0,0,923,500,984,63,1464,2,607,50,610,100,503,300,2405,50,0,0,0,0,4129,1
//1902,MC_CAMERI,MC Cameri,MC Cameri,99,668000,0,107250,37895,2,3220,4040,35,45,1,152,96,85,120,95,10,10,2,6,67,1973,100,1068,768,576,13000,5000,608,1000,750,400,923,3800,1466,200,2256,200,2607,800,714,500,617,3000,984,4300,985,5600,0,0,0,0,4147,1
//1903,POKI,Poki#3,Poki#3,99,1349000,0,4093000,1526000,9,4892,9113,22,35,1,180,39,67,193,130,10,12,1,7,64,1973,120,500,672,480,92100,7000,603,5500,617,3000,1723,1000,1228,100,1236,500,617,2500,1234,75,1237,125,1722,250,1724,100,1720,50,0,0,0,0
//1904,SENTRY,Sentry,Sentry,99,668000,0,107250,37895,2,3220,4040,35,45,1,152,96,85,120,95,10,10,2,6,67,1973,100,1068,768,576,13000,5000,608,1000,750,400,923,3800,1466,200,2256,200,2607,800,714,500,617,3000,984,4300,985,5600,0,0,0,0,4147,1

//Custom Hollow Poring (overrrides/collides with META_ANDRE)
//1237,HOLLOW_PORING,Hollow Poring,Hollow Poring,1,50,0,2,1,1,7,10,0,5,1,1,1,0,6,30,10,12,1,3,21,0x83,400,1872,672,480,0,0,0,0,0,0,0,0,909,7000,1202,100,938,400,512,1000,713,1500,512,150,619,20,0,0,0,0,4001,10
//Custom Fire Poring. Warning, Colides with META_DENIRO
//1239,FIRE_PORING,Fire Poring,Fire Poring,1,50,0,2,1,1,7,10,0,5,1,1,1,1,6,30,10,12,1,3,21,131,400,1872,672,480,0,0,0,0,0,0,0,0,909,7000,1202,100,938,400,512,1000,713,1500,741,5,619,20,0,0,0,0,4001,20

//Lunar New Year 2008 Event Monster overrides
//Uncomment if event is enabled, as these drops modifications are nessecary.
//1145,MARTIN,Martin,Martin,18,1109,0,134,86,1,52,63,0,5,12,18,30,15,15,5,10,12,0,2,42,0x81,300,1480,480,480,0,0,0,0,0,0,0,0,1017,9000,1018,500,1251,10,2225,5,5009,1,10010,10,2224,15,7869,1500,0,0,4046,1
//1175,TAROU,Tarou,Tarou,11,284,0,57,28,1,34,45,0,0,1,20,11,10,24,5,10,12,0,2,27,0x91,150,1744,1044,684,0,0,0,0,0,0,0,0,1016,9000,919,3000,949,800,528,1000,701,2,7869,2500,0,0,0,0,0,0,4028,1
//1209,CRAMP,Cramp,Cramp,56,4720,0,2300,1513,1,395,465,0,5,1,85,35,5,65,60,10,12,0,2,45,0x3095,100,1000,500,1000,0,0,0,0,0,0,0,0,7007,4656,528,1000,726,80,746,110,568,250,510,70,984,95,7869,1500,0,0,4296,1

//iRO St. Patricks Day 2008 Event Monster overrides
//Uncomment if event is enabled, as these drops modifications are nessecary.
//1841,G_SNAKE_,Snake Lord's Minon,Snake Lord's Minon,15,471,0,72,48,1,46,55,0,0,1,15,15,10,35,5,10,12,1,2,22,0x81,200,1576,576,576,0,0,0,0,0,0,0,0,7915,1000,7916,100,7720,30,12715,7,0,0,0,0,0,0,0,0,0,0,0,0
//1842,G_ANACONDAQ_,Snake Lord's Minon,Snake Lord's Minon,23,1109,0,300,149,1,124,157,0,0,1,23,28,10,36,5,10,12,1,2,25,0x91,200,1576,576,576,0,0,0,0,0,0,0,0,7915,1000,7916,100,7720,30,12715,7,0,0,0,0,0,0,0,0,0,0,0,0
//1843,SIDE_WINDER_,Snake Lord's Minon,Snake Lord's Minon,43,4929,0,1996,993,1,240,320,5,10,38,43,40,15,115,20,10,12,1,2,25,0x3095,200,1576,576,576,0,0,0,0,0,0,0,0,7915,1000,7916,100,7720,30,12715,7,0,0,0,0,0,0,0,0,0,0,0,0
//1844,G_ISIS_,Snake Lord's Minon,Snake Lord's Minon,47,7003,0,3709,1550,1,423,507,10,35,38,65,43,50,66,15,10,12,2,6,27,0x3195,200,1384,768,336,0,0,0,0,0,0,0,0,7915,1000,7916,100,7720,30,12715,8,0,0,0,0,0,0,0,0,0,0,0,0

//iRO Christmas 2008 Event
//Uncomment if event is enabled, as these drops modifications are nessecary.
//1244,JAKK_XMAS,Christmas Jakk,Christmas Jakk,38,3581,0,1113,688,1,315,382,5,30,1,38,38,43,75,45,10,12,1,0,43,0x81,200,1180,480,648,0,0,0,0,0,0,0,0,529,1000,530,1000,14546,1000,14550,1000,7174,1000,7175,1000,6092,1000,12355,1250,0,0,0,0
//1245,GOBLINE_XMAS,Christmas Goblin,Christmas Goblin,25,1176,0,282,171,1,118,140,10,5,1,53,25,20,38,45,10,12,1,7,24,0x81,100,1120,620,240,0,0,0,0,0,0,0,0,529,1000,530,1000,14546,1000,14550,1000,7174,1000,7175,1000,6092,1000,12355,1250,0,0,0,0
//1246,COOKIE_XMAS,Christmas Cookie,Christmas Cookie,28,2090,0,461,284,1,140,170,0,50,1,24,30,53,45,100,10,12,0,7,46,0x91,400,1248,1248,240,0,0,0,0,0,0,0,0,529,1000,530,1000,14546,1000,14550,1000,7174,1000,7175,1000,6092,1000,12355,1250,0,0,0,0
//1247,ANTONIO,Antonio,Antonio,10,10,0,3,2,1,13,20,100,0,1,1,1,50,100,100,10,12,1,3,66,0xC1,100,720,720,432,0,0,0,0,0,0,0,0,604,500,12354,500,14550,500,5136,500,12132,500,12225,500,5811,500,0,0,0,0,4243,1

//iRO Halloween 2009 Event
//Uncomment if event is enabled. Uncomment the skills for Halloween Whisper in mob_skill_db2.
//3014,HALLOWEEN_WHISPER,Halloween Whisper,Halloween Whisper,1,800,0,0,0,1,10,13,0,45,1,51,14,0,60,0,10,12,0,6,68,0x81,150,1960,960,504,0,0,0,0,0,0,0,0,12396,150,6299,5335,0,0,0,0,0,0,0,0,0,0,0,0,0,0,0,0
//3015,HALLOWEEN_DARK_LORD,Halloween Dark Lord,Halloween Dark Lord,1,45,0,0,0,1,10,13,0,45,1,51,14,0,60,0,10,12,2,6,89,0x81,100,868,768,480,0,0,0,0,0,0,0,0,12396,800,12397,5335,0,0,0,0,0,0,0,0,0,0,0,0,0,0,0,0

//iRO Halloween 2008 Event
//Uncomment if event is enabled.
//3000,ZOMBIE,Zombie,Zombie,15,534,0,50,33,1,67,79,0,10,1,8,7,0,15,0,10,12,1,1,29,0x3885,400,2612,912,288,0,0,0,0,0,0,0,0,957,9000,724,5,938,1000,958,50,727,70,0,0,0,0,0,0,0,0,4038,1
//3001,GHOUL,Ghoul,Ghoul,40,5418,0,1088,622,1,420,500,5,20,1,20,29,0,45,20,10,12,1,1,49,0x3885,250,2456,912,504,0,0,0,0,0,0,0,0,958,6000,756,110,509,700,511,800,2609,60,934,150,1260,1,0,0,0,0,4110,1
//3002,ZOMBIE_MASTER,Zombie Master,Zombie Master,62,14211,0,7610,2826,1,824,1084,37,26,25,20,30,5,77,35,10,12,1,1,29,0x3695,175,2612,912,288,0,0,0,0,0,0,0,0,7071,4413,938,1500,958,1500,723,200,727,100,1260,1,2324,2,0,0,0,0,4274,1

//== • Aether ===================================================
2011,S_EMPEL_1,Support Crystal,Support Crystal,99,20,50000,0,0,3, 1,2,100,99, 0,0,0,90,20,0,10,12,1,0,26,0x40,2000,1308,1008,480,0,0,0,0,0,0,0,0,0,0,0,0,0,0,0,0,0,0,0,0,0,0,0,0,0,0,0,0
2012,LEAF_CAT,Shiro,Shiro,1,25,50000,2000,2000,1,266,307,5,19,25,67,12,45,60,29,10,12,0,2,22,0xF1,150,960,864,720,0,0,0,0,0,0,0,0,7919,28,5097,7,12709,1500,0,0,0,0,14549,714,12130,714,12106,14,0,0,0,0

// Tierra Bossnia
2100,RSX_0806,RSX 0806,RSX-0806,86,500000,0,0,0,1,2740,5620,39,41,85,51,30,25,93,84,10,12,2,0,60,0x37B5,300,128,1104,240,0,0,0,0,0,0,0,0,0,0,0,0,0,0,0,0,0,0,0,0,0,0,0,0,0,0,0,0
2101,GLOOMUNDERNIGHT,Gloom Under Night,Gloom Under Night,89,500000,0,0,0,3,5880,9516,10,20,100,115,98,78,111,50,10,12,2,0,68,0x37B5,300,1344,2880,576,0,0,0,0,0,0,0,0,0,0,0,0,0,0,0,0,0,0,0,0,0,0,0,0,0,0,0,0
2102,RANDGRIS,Valkyrie Randgris,Valkyrie Randgris,99,500000,0,0,0,3,5560,9980,25,42,100,120,30,120,220,210,10,12,2,8,86,0x37B5,300,576,576,480,0,0,0,0,0,0,0,0,0,0,0,0,0,0,0,0,0,0,0,0,0,0,0,0,0,0,0,0
2103,GARM,Garm,Garm,73,500000,0,0,0,3,1700,1900,40,45,85,126,82,65,95,60,10,12,2,2,81,0x37B5,400,608,408,336,0,0,0,0,0,0,0,0,0,0,0,0,0,0,0,0,0,0,0,0,0,0,0,0,0,0,0,0
2104,MOROCC,Satan Morroc,Satan Morroc,99,500000,0,0,0,2,32000,32001,29,65,140,160,30,250,180,50,10,12,2,6,87,0x37B5,300,76,540,432,0,0,0,0,0,0,0,0,0,0,0,0,0,0,0,0,0,0,0,0,0,0,0,0,0,0,0,0

// Conquest Battleground
2105,S_EMPEL_1,Guardian Stone,Guardian Stone,90,500,0,0,0,0,1,1,100,99,1,1,1,1,1,1,0,0,2,0,20,0x160,300,1288,288,384,0,0,0,0,0,0,0,0,0,0,0,0,0,0,0,0,0,0,0,0,0,0,0,0,0,0,0,0
2106,S_EMPEL_2,Guardian Stone,Guardian Stone,90,500,0,0,0,0,1,1,100,99,1,1,1,1,1,1,0,0,2,0,20,0x160,300,1288,288,384,0,0,0,0,0,0,0,0,0,0,0,0,0,0,0,0,0,0,0,0,0,0,0,0,0,0,0,0
2107,EMPELIUM,Emperium,Emperium,90,250,0,0,0,0,1,1,100,99,1,1,1,1,1,1,0,0,2,0,20,0x160,300,1288,288,384,0,0,0,0,0,0,0,0,0,0,0,0,0,0,0,0,0,0,0,0,0,0,0,0,0,0,0,0

// Mechanic Fixed Autonomous Weapon Platforms
2042,SILVERSNIPER,Silver Sniper,Silver Sniper,1,50000,0,0,0,9,300,1000,0,0,0,0,0,0,1000,0,10,12,1,0,20,0x3394,1000,1500,500,300,0,0,0,0,0,0,0,0,0,0,0,0,0,0,0,0,0,0,0,0,0,0,0,0,0,0,0,0
2043,MAGICDECOY_FIRE,Magic Decoy Fire,Magic Decoy Fire,1,50000,0,0,0,9,300,1000,0,0,0,0,0,100,1000,0,10,12,1,0,20,0x3394,1000,1500,500,300,0,0,0,0,0,0,0,0,0,0,0,0,0,0,0,0,0,0,0,0,0,0,0,0,0,0,0,0
2044,MAGICDECOY_WATER,Magic Decoy Water,Magic Decoy Water,1,50000,0,0,0,9,300,1000,0,0,0,0,0,100,1000,0,10,12,1,0,20,0x3394,1000,1500,500,300,0,0,0,0,0,0,0,0,0,0,0,0,0,0,0,0,0,0,0,0,0,0,0,0,0,0,0,0
2045,MAGICDECOY_EARTH,Magic Decoy Earth,Magic Decoy Earth,1,50000,0,0,0,9,300,1000,0,0,0,0,0,100,1000,0,10,12,1,0,20,0x3394,1000,1500,500,300,0,0,0,0,0,0,0,0,0,0,0,0,0,0,0,0,0,0,0,0,0,0,0,0,0,0,0,0
2046,MAGICDECOY_WIND,Magic Decoy Wind,Magic Decoy Wind,1,50000,0,0,0,9,300,1000,0,0,0,0,0,100,1000,0,10,12,1,0,20,0x3394,1000,1500,500,300,0,0,0,0,0,0,0,0,0,0,0,0,0,0,0,0,0,0,0,0,0,0,0,0,0,0,0,0

// Sorcerer Elemental Spirits
2114,EL_AGNI_S,Agni,Agni,1,50,0,2,1,1,7,10,0,5,1,1,1,0,6,30,10,12,1,3,21,0x83,400,1872,672,480,0,0,0,0,0,0,0,0,909,7000,1202,100,938,400,512,1000,713,1500,512,150,619,20,0,0,0,0,4001,1
2115,EL_AGNI_M,Agni,Agni,1,50,0,2,1,1,7,10,0,5,1,1,1,0,6,30,10,12,1,3,21,0x83,400,1872,672,480,0,0,0,0,0,0,0,0,909,7000,1202,100,938,400,512,1000,713,1500,512,150,619,20,0,0,0,0,4001,1
2116,EL_AGNI_L,Agni,Agni,1,50,0,2,1,1,7,10,0,5,1,1,1,0,6,30,10,12,1,3,21,0x83,400,1872,672,480,0,0,0,0,0,0,0,0,909,7000,1202,100,938,400,512,1000,713,1500,512,150,619,20,0,0,0,0,4001,1
2117,EL_AQUA_S,Aqua,Aqua,1,50,0,2,1,1,7,10,0,5,1,1,1,0,6,30,10,12,1,3,21,0x83,400,1872,672,480,0,0,0,0,0,0,0,0,909,7000,1202,100,938,400,512,1000,713,1500,512,150,619,20,0,0,0,0,4001,1
2118,EL_AQUA_M,Aqua,Aqua,1,50,0,2,1,1,7,10,0,5,1,1,1,0,6,30,10,12,1,3,21,0x83,400,1872,672,480,0,0,0,0,0,0,0,0,909,7000,1202,100,938,400,512,1000,713,1500,512,150,619,20,0,0,0,0,4001,1
2119,EL_AQUA_L,Aqua,Aqua,1,50,0,2,1,1,7,10,0,5,1,1,1,0,6,30,10,12,1,3,21,0x83,400,1872,672,480,0,0,0,0,0,0,0,0,909,7000,1202,100,938,400,512,1000,713,1500,512,150,619,20,0,0,0,0,4001,1
2120,EL_VENTUS_S,Ventus,Ventus,1,50,0,2,1,1,7,10,0,5,1,1,1,0,6,30,10,12,1,3,21,0x83,400,1872,672,480,0,0,0,0,0,0,0,0,909,7000,1202,100,938,400,512,1000,713,1500,512,150,619,20,0,0,0,0,4001,1
2121,EL_VENTUS_M,Ventus,Ventus,1,50,0,2,1,1,7,10,0,5,1,1,1,0,6,30,10,12,1,3,21,0x83,400,1872,672,480,0,0,0,0,0,0,0,0,909,7000,1202,100,938,400,512,1000,713,1500,512,150,619,20,0,0,0,0,4001,1
2122,EL_VENTUS_L,Ventus,Ventus,1,50,0,2,1,1,7,10,0,5,1,1,1,0,6,30,10,12,1,3,21,0x83,400,1872,672,480,0,0,0,0,0,0,0,0,909,7000,1202,100,938,400,512,1000,713,1500,512,150,619,20,0,0,0,0,4001,1
2123,EL_TERA_S,Tera,Tera,1,50,0,2,1,1,7,10,0,5,1,1,1,0,6,30,10,12,1,3,21,0x83,400,1872,672,480,0,0,0,0,0,0,0,0,909,7000,1202,100,938,400,512,1000,713,1500,512,150,619,20,0,0,0,0,4001,1
2124,EL_TERA_M,Tera,Tera,1,50,0,2,1,1,7,10,0,5,1,1,1,0,6,30,10,12,1,3,21,0x83,400,1872,672,480,0,0,0,0,0,0,0,0,909,7000,1202,100,938,400,512,1000,713,1500,512,150,619,20,0,0,0,0,4001,1
2125,EL_TERA_L,Tera,Tera,1,50,0,2,1,1,7,10,0,5,1,1,1,0,6,30,10,12,1,3,21,0x83,400,1872,672,480,0,0,0,0,0,0,0,0,909,7000,1202,100,938,400,512,1000,713,1500,512,150,619,20,0,0,0,0,4001,1


2501,PORING,Poring de Evento,Poring de Evento,1,1,0,0,0,1,7,0,0,5,0,0,0,0,6,30,10,12,1,3,21,0x81,400,1872,672,480,0,0,0,0,0,0,0,0,0,0,0,0,0,0,0,0,0,0,0,0,0,0,0,0,0,0,0,0
2502,DANCING_DRAGON,Avatar de Ano Novo,Avatar de Ano Novo,1,1,0,0,0,1,10,20,0,0,0,0,0,0,6,30,10,12,1,3,21,0x81,400,1872,672,480,0,0,0,0,0,0,0,0,0,0,0,0,0,0,0,0,0,0,0,0,0,0,0,0,0,0,0,0
2503,SPRING_RABBIT,Coelho de Ano Novo,Coelho de Ano Novo,1,1,0,0,0,1,10,20,0,5,0,0,0,0,6,0,10,12,1,3,21,0x81,400,1872,672,480,0,0,0,0,0,0,0,0,0,0,0,0,0,0,0,0,0,0,0,0,0,0,0,0,0,0,0,0

2504,BOITATA,Boitatá,Boitatá,93,1283990,0,742880,779500,2,1060,2022,7,36,140,99,30,109,100,90,10,12,2,0,63,0x37B5,200,1150,1150,288,37144,10000,0,0,0,0,0,0,0,0,0,0,0,0,0,0,0,0,0,0,0,0,0,0,0,0,0,0
2505,PIRANHA,Espírito da Água,Espírito da Água,75,4522,0,8990,10230,1,182,223,2,10,69,45,30,30,66,35,10,12,1,5,61,0x3295,200,768,768,384,0,0,0,0,0,0,0,0,0,0,0,0,0,0,0,0,0,0,0,0,0,0,0,0,0,0,0,0
2506,HEADLESS_MULE,Espírito do Fogo,Espírito do Fogo,80,6620,0,10110,11200,1,210,267,7,27,68,51,50,35,67,20,10,12,2,6,63,0x3985,165,1216,816,432,0,0,0,0,0,0,0,0,0,0,0,0,0,0,0,0,0,0,0,0,0,0,0,0,0,0,0,0
2507,JAGUAR,Espírito da Terra,Espírito da Terra,71,3914,0,7200,5120,1,192,234,9,12,69,30,45,5,59,5,10,12,1,2,42,0x3885,150,1250,580,360,0,0,0,0,0,0,0,0,0,0,0,0,0,0,0,0,0,0,0,0,0,0,0,0,0,0,0,0
2508,TOUCAN,Espírito do Vento,Espírito do Vento,70,3640,0,6590,5440,1,166,201,3,10,54,14,40,35,44,10,10,12,0,2,44,0x3885,155,1450,960,480,0,0,0,0,0,0,0,0,0,0,0,0,0,0,0,0,0,0,0,0,0,0,0,0,0,0,0,0

2701,ANTONIO,Antonio Fantasma,Antonio Fantasma,20,20,0,3,2,1,13,20,100,0,1,1,1,50,100,100,10,12,1,3,66,0xC1,100,720,720,432,0,0,0,0,0,0,0,0,0,0,0,0,0,0,0,0,0,0,0,0,0,0,0,0,0,0,0,0
2702,OBJ_B2,Estilhaço Natalino,Estilhaço Natalino,90,75,0,0,0,0,1,1,100,99,1,1,1,1,1,1,0,0,2,0,20,0x40,300,1288,288,384,0,0,0,0,0,0,0,0,0,0,0,0,0,0,0,0,0,0,0,0,0,0,0,0,0,0,0,0
2703,ANTONIO,Encarnação Natalina,Encarnação Natalina,75,30000,0,20000,20000,1,530,1697,35,31,5,65,10,82,77,33,10,12,1,7,80,0x3695,250,1250,720,432,0,0,0,0,0,0,0,0,0,0,0,0,0,0,0,0,0,0,0,0,0,0,0,0,0,0,0,0
2704,AE_Estrela,Espírito de Natal,Espírito de Natal,55,5300,0,2110,1910,1,450,600,25,24,1,60,30,10,60,17,10,12,0,0,43,0x18D,275,1472,384,288,0,0,0,0,0,0,0,0,0,0,0,0,0,0,0,0,0,0,0,0,0,0,0,0,0,0,0,0
2705,AE_Presente,Presente Maligno,Presente Maligno,38,3450,0,1113,688,1,160,360,5,10,65,50,25,5,48,75,10,12,1,0,60,0x91,400,1248,1248,432,0,0,0,0,0,0,0,0,0,0,0,0,0,0,0,0,0,0,0,0,0,0,0,0,0,0,0,0
2706,AE_Antoniella,Antoniella,Antoniella,83,78690,0,100000,112540,1,1890,2390,59,10,90,62,99,35,98,66,10,12,1,7,81,0x3095,180,76,384,288,0,0,0,0,0,0,0,0,0,0,0,0,0,0,0,0,0,0,0,0,0,0,0,0,0,0,0,0
2707,AE_Eva,Eva,Eva,45,7980,0,2364,1326,1,485,560,5,35,66,65,45,60,65,50,10,12,1,5,41,131,150,964,864,288,0,0,0,0,0,0,0,0,0,0,0,0,0,0,0,0,0,0,0,0,0,0,0,0,0,0,0,0
2708,Haziel,Haziel Doppelganger,Haziel Doppelganger,150,9000000,0,0,0,1,50000,50000,500,500,150,150,150,150,150,150,10,8,1,7,88,0xB1D5,65,500,500,500,0,0,0,0,0,0,0,0,0,0,0,0,0,0,0,0,0,0,0,0,0,0,0,0,0,0,0,0

2801,AE_CrisEmp,Cristais de Emperium,Cristais de Emperium,1,20,0,0,0,1,1,1,100,99,0,0,0,0,0,0,7,12,0,2,26,64,2000,1,1,1,0,0,0,0,0,0,0,0,0,0,0,0,0,0,0,0,0,0,0,0,0,0,0,0,0,0,0,0
2802,AE_Empring,Empring,Empring,35,2100,100,1750,1200,1,150,400,30,20,5,60,30,20,40,15,10,12,1,2,42,129,300,1872,672,480,0,0,0,0,0,0,0,0,0,0,0,0,0,0,0,0,0,0,0,0,0,0,0,0,0,0,0,0
2803,AE_Nenmey,Nenmey,Nenmey,35,3125,500,2120,600,1,125,475,15,0,5,15,25,10,50,20,10,12,0,2,22,4753,200,1288,288,384,0,0,0,0,0,0,0,0,0,0,0,0,0,0,0,0,0,0,0,0,0,0,0,0,0,0,0,0
2804,AE_Tello,Tello,Tello,40,2150,0,100,500,2,155,350,20,11,15,12,15,10,40,25,10,12,1,2,20,4755,250,1452,483,528,0,0,0,0,0,0,0,0,0,0,0,0,0,0,0,0,0,0,0,0,0,0,0,0,0,0,0,0
2805,AE_RosaDourada,Rosa Dourada,Rosa Dourada,50,5800,0,2200,1200,1,450,600,6,22,65,85,15,35,65,80,10,12,1,2,26,131,100,964,864,288,0,0,0,0,0,0,0,0,0,0,0,0,0,0,0,0,0,0,0,0,0,0,0,0,0,0,0,0
2806,AE_RosaMarinha,Rosa Marinha, Rosa Marinha,45,7980,0,2364,1326,1,485,560,5,35,66,65,45,60,65,50,10,12,1,5,41,131,150,964,864,288,0,0,0,0,0,0,0,0,0,0,0,0,0,0,0,0,0,0,0,0,0,0,0,0,0,0,0,0
2807,AE_Emphator,Emphator,Emphator,75,380000,0,100100,40040,3,2100,2300,50,55,90,130,90,70,95,80,10,12,2,2,62,14261,400,608,408,336,0,0,0,0,0,0,0,0,0,0,0,0,0,0,0,0,0,0,0,0,0,0,0,0,0,0,0,0
2808,AE_AuriWarg,Auriwarg,Auriwarg,65,32600,0,10200,7600,2,750,1250,65,35,1,97,60,1,135,52,10,12,1,2,60,12949,400,608,408,336,0,0,0,0,0,0,0,0,0,0,0,0,0,0,0,0,0,0,0,0,0,0,0,0,0,0,0,0
2809,AE_Sayara,Sayara,Sayara,60,54150,0,17500,4500,1,520,1250,32,32,1,51,22,110,99,15,12,10,1,7,80,0x3695,300,600,350,350,0,0,0,0,0,0,0,0,0,0,0,0,0,0,0,0,0,0,0,0,0,0,0,0,0,0,0,0
2810,AE_Exatte,Exatte,Exatte,85,75000,0,25050,36000,1,1250,2250,10,25,30,30,15,110,62,10,10,12,1,8,46,0x37B5,200,1536,540,432,0,0,0,0,0,0,0,0,0,0,0,0,0,0,0,0,0,0,0,0,0,0,0,0,0,0,0,0
2811,AE_Eleanor,Eleanor,Eleanor,72,25000,0,51480,10725,1,1340,1590,60,35,88,90,30,35,125,65,10,12,1,7,46,0x37B5,150,480,480,288,0,0,0,0,0,0,0,0,0,0,0,0,0,0,0,0,0,0,0,0,0,0,0,0,0,0,0,0
2812,AE_Kaetii,Kaetti,Kaetti,55,49200,0,12420,9020,2,612,1260,65,25,1,24,40,120,110,15,10,12,1,2,42,0x3395,190,576,370,270,0,0,0,0,0,0,0,0,0,0,0,0,0,0,0,0,0,0,0,0,0,0,0,0,0,0,0,0

//Arsinoé

//Morts-Vivants

3800,Guilal,Guilal,Guilal,66,12666,30000,50000,5000,11,1200,1400,10,50,20,30,30,40,90,66,14,11,0,3,89,404,110,1300,286,540,0,0,0,0,0,0,0,0,0,0,0,0,0,0,0,0,0,0,0,0,0,0,0,0,0,0,29013,10000
3801,Soldado Gomorrense,Soldado Gomorrense,Soldado Gomorrense,60,30000,300,5000,5000,2,300,600,50,10,50,60,30,10,150,30,14,8,1,1,67,405,160,880,286,340,0,0,0,0,0,0,0,0,0,0,0,0,0,0,0,0,0,0,0,0,0,0,0,0,0,0,0,0
3802,Capitão Gomorrense,Capitão Gomorrense,Capitão Gomorrense,88,60666,63000,30000,10000,2,1200,800,90,10,70,90,50,10,50,10,14,12,1,1,89,405,110,420,286,340,0,0,0,0,0,0,0,0,0,0,0,0,0,0,0,0,0,0,0,0,0,0,0,0,0,0,0,0
3803,Ambição,Ambição,Ambição,103,90460,63000,50000,25000,2,7600,8000,0,0,66,66,66,66,66,66,14,12,1,1,89,405,110,700,286,340,0,0,0,0,0,0,0,0,0,0,0,0,0,0,0,0,0,0,0,0,0,0,0,0,0,0,0,0
3804,Chamariz,Chamariz,Chamariz,30,1500,2000,5000,1000,2,200,400,1,99,10,30,10,10,99,10,14,12,1,6,89,405,110,600,286,340,0,0,0,0,0,0,0,0,0,0,0,0,0,0,0,0,0,0,0,0,0,0,0,0,0,0,0,0
3805,Feiticeiro Lich,Feiticeiro Lich,Feiticeiro Lich,97,170000,63000,9999,9999,2,18000,3000,20,99,50,50,20,90,120,15,14,12,2,6,89,404,110,680,286,340,0,0,0,0,0,0,0,0,0,0,0,0,0,0,0,0,0,0,0,0,0,0,0,0,0,0,0,0
3806,Rei de Gomorra,Rei de Gomorra,Rei de Gomorra,130,4530666,63000,5000000,500000,2,8900,10000,50,150,141,89,80,10,120,43,15,15,2,1,69,2549,130,380,286,340,8555000,1,0,0,0,0,0,0,0,0,0,0,0,0,0,0,0,0,0,0,0,0,0,0,0,0,0,0
3807,Rei de Gomorra,Rei de Gomorra,Rei de Gomorra,130,4530666,63000,5000000,500000,2,8900,10000,50,150,141,89,80,10,120,43,15,15,2,1,69,2485,130,380,286,340,8555000,1,0,0,0,0,0,0,0,0,0,0,0,0,0,0,0,0,0,0,0,0,0,0,0,0,0,0

//contrebandiers

3808,Contrabandista,Contrabandista,Contrabandista,65,32666,3000,8000,8000,2,2400,1800,40,15,99,89,50,10,60,20,15,15,1,1,69,437,130,580,286,340,0,0,0,0,0,0,0,0,0,0,0,0,0,0,0,0,0,0,0,0,0,0,0,0,0,0,0,0
3809,Jorbert Surcouf,Jorbert Surcouf,Jorbert Surcouf,65,286000,3000,168000,68000,2,4500,3000,50,35,120,60,50,10,95,20,15,15,1,7,60,405,130,380,286,340,0,0,0,0,0,0,0,0,0,0,0,0,0,0,0,0,0,0,0,0,0,0,0,0,0,0,0,0

//orcs

3810,Guerrilheiro Orc,Guerrilheiro Orc,Guerrilheiro Orc,45,23000,3000,8000,6000,2,2500,1000,20,20,99,30,10,10,80,10,15,15,1,7,62,405,150,580,286,340,0,0,0,0,0,0,0,0,0,0,0,0,0,0,0,0,0,0,0,0,0,0,0,0,0,0,29044,10000
3811,Militar Orc,Militar Orc,Militar Orc,60,68000,5000,68000,6800,2,500,3000,40,40,120,60,50,10,65,0,15,15,1,7,62,405,160,480,286,340,0,0,0,0,0,0,0,0,0,0,0,0,0,0,0,0,0,0,0,0,0,0,0,0,0,0,29044,10000
3812,Rastreador Orc, Rastreador Orc, Rastreador Orc,70,40000,3000,68000,20000,10,8000,5000,60,0,60,80,30,10,120,20,15,15,1,7,60,405,150,480,286,340,0,0,0,0,0,0,0,0,0,0,0,0,0,0,0,0,0,0,0,0,0,0,0,0,0,0,29044,10000
3813,Gerwioke,Gerwioke,Gerwioke,95,520890,9000,168000,68000,2,8500,5000,60,60,150,60,50,10,100,10,15,15,1,7,87,405,130,400,286,340,0,0,0,0,0,0,0,0,0,0,0,0,0,0,0,0,0,0,0,0,0,0,0,0,0,0,0,0

//Armée des Ombres

3814,Espelho Sombrio,Espelho Sombrio,Espelho Sombrio,50,32000,2000,10000,3000,2,2500,100,0,99,30,99,30,60,30,10,15,15,1,6,67,405,150,700,286,340,0,0,0,0,0,0,0,0,0,0,0,0,0,0,0,0,0,0,0,0,0,0,0,0,0,0,0,0
3815,Aggripa,Aggripa,Aggripa,95,520890,9000,168000,68000,2,2500,1200,30,30,150,60,50,10,100,10,15,15,1,6,87,405,130,400,286,340,0,0,0,0,0,0,0,0,0,0,0,0,0,0,0,0,0,0,0,0,0,0,0,0,0,0,0,0
3816,Profeta do Infortúnio,Profeta do Infortúnio,Profeta do Infortúnio,99,65000,9000,16800,6800,2,8500,5000,10,99,20,60,60,120,120,30,15,15,0,7,87,405,140,650,286,340,0,0,0,0,0,0,0,0,0,0,0,0,0,0,0,0,0,0,0,0,0,0,0,0,0,0,0,0
3817,Cavaleiro Negro,Cavaleiro Negro,Cavaleiro Negro,100,88000,1000,16800,6800,2,5000,3000,25,25,99,55,80,0,70,30,15,15,2,6,67,405,100,350,286,340,0,0,0,0,0,0,0,0,0,0,0,0,0,0,0,0,0,0,0,0,0,0,0,0,0,0,0,0
3818,Senhor das Sombras,Senhor das Sombras,Senhor das Sombras,120,680000,100,16800,6800,2,20000,8000,55,55,150,50,80,99,150,30,15,15,2,6,67,405,130,450,286,340,0,0,0,0,0,0,0,0,0,0,0,0,0,0,0,0,0,0,0,0,0,0,0,0,0,0,0,0

//Bandits

3819,Bandido,Bandido,Bandido,65,23000,2000,1680,680,2,1000,500,25,25,60,40,30,10,40,20,15,15,1,6,67,405,150,400,286,340,0,0,0,0,0,0,0,0,0,0,0,0,0,0,0,0,0,0,0,0,0,0,0,0,0,0,29000,10000
3820,Mafioso,Mafioso,Mafioso,80,68000,1000,16800,6800,2,4000,2000,40,20,100,50,80,30,50,0,15,15,1,7,60,405,130,450,286,340,0,0,0,0,0,0,0,0,0,0,0,0,0,0,0,0,0,0,0,0,0,0,0,0,0,0,29000,10000
3821,Chefe da Máfia,Chefe da Máfia,Chefe da Máfia,112,23000,2000,16800,6800,1,5000,4000,80,20,120,40,65,22,40,99,15,15,1,7,60,405,150,200,286,340,0,0,0,0,0,0,0,0,0,0,0,0,0,0,0,0,0,0,0,0,0,0,0,0,0,0,29000,10000

//Armée Gobeline

3822,Soldado Goblin,Soldado Globin,Soldado Goblin,56,32000,2000,16800,6800,1,1000,500,30,40,65,20,35,1,45,1,15,15,1,7,63,405,150,500,286,340,0,0,0,0,0,0,0,0,0,0,0,0,0,0,0,0,0,0,0,0,0,0,0,0,0,0,29015,10000
3823,Soldado Goblin,Soldado Goblin,Soldado Goblin,56,36000,2000,16800,6800,1,1500,90,60,0,75,30,10,1,20,1,15,15,0,7,62,405,150,550,286,340,0,0,0,0,0,0,0,0,0,0,0,0,0,0,0,0,0,0,0,0,0,0,0,0,0,0,29015,10000
3824,Soldado Goblin,Soldado Goblin,Soldado Goblin,60,43000,2000,16800,6800,1,1200,500,20,20,65,30,35,1,45,1,15,15,0,7,82,405,150,500,286,340,0,0,0,0,0,0,0,0,0,0,0,0,0,0,0,0,0,0,0,0,0,0,0,0,0,0,0,0
3825,Goblin Arqueiro,Goblin Arqueiro,Goblin Arqueiro,70,32000,2000,16800,6800,10,3000,1500,42,21,20,60,15,0,78,0,15,15,0,7,64,405,150,400,286,340,0,0,0,0,0,0,0,0,0,0,0,0,0,0,0,0,0,0,0,0,0,0,0,0,0,0,29015,10000
3826,Tenente Goblin,Tenente Goblin,Tenente Goblin,82,68000,2000,56800,6800,1,5000,3000,56,48,102,53,45,15,30,30,15,15,1,7,85,405,140,390,286,340,0,0,0,0,0,0,0,0,0,0,0,0,0,0,0,0,0,0,0,0,0,0,0,0,0,0,29015,10000
3827,Atirador Goblin,Atirador Goblin,Atirador Goblin,99,110000,2000,16800,6800,0,8000,6000,60,50,40,30,25,99,99,0,15,15,1,7,63,405,150,500,286,340,0,0,0,0,0,0,0,0,0,0,0,0,0,0,0,0,0,0,0,0,0,0,0,0,0,0,29015,10000
3828,Goblin Blindado,Goblin Blindado,Goblin Blindado,112,150000,2000,16800,6800,1,15000,12000,80,30,112,40,130,1,40,1,15,15,2,7,62,405,200,700,286,540,0,0,0,0,0,0,0,0,0,0,0,0,0,0,0,0,0,0,0,0,0,0,0,0,0,0,29015,10000
3829,Caçador Goblin,Caçador Goblin,Caçador Goblin,82,23000,2000,16800,6800,1,5200,3000,53,48,120,40,70,12,68,1,15,15,1,7,60,405,150,480,286,340,0,0,0,0,0,0,0,0,0,0,0,0,0,0,0,0,0,0,0,0,0,0,0,0,0,0,29015,10000
3830,General Toadinne,General Toadinne,General Toadinne,130,950000,2000,16800,6800,1,23000,14000,50,99,200,20,35,21,99,0,15,15,1,7,62,405,130,410,286,340,0,0,0,0,0,0,0,0,0,0,0,0,0,0,0,0,0,0,0,0,0,0,0,0,0,0,29015,10000
3831,Herói Goblin,Herói Goblin,Herói Goblin,83,185000,2000,16800,6800,1,9000,4000,60,60,63,99,80,20,20,1,15,15,1,7,82,405,110,350,286,340,0,0,0,0,0,0,0,0,0,0,0,0,0,0,0,0,0,0,0,0,0,0,0,0,0,0,0,0
3832,Rei Kiasok,Rei Kiasok,Rei Kiasok,160,6000000,2000,16800,6800,1,30000,16000,68,99,110,67,98,48,50,32,15,15,1,7,67,405,120,300,286,340,0,0,0,0,0,0,0,0,0,0,0,0,0,0,0,0,0,0,0,0,0,0,0,0,0,0,29015,10000
3833,Escravo Minotauro,Escravo Minotauro,Escravo Minotauro,79,56000,2000,16800,6800,1,5000,4000,30,30,150,30,99,0,30,0,15,15,1,7,82,405,160,420,286,340,0,0,0,0,0,0,0,0,0,0,0,0,0,0,0,0,0,0,0,0,0,0,0,0,0,0,29045,10000
3834,Mestre Minotauro,Mestre Minotauro,Mestre Minotauro,92,58000,2000,16800,6800,10,5000,4000,45,22,25,99,65,22,99,30,15,15,1,7,62,405,150,300,286,340,0,0,0,0,0,0,0,0,0,0,0,0,0,0,0,0,0,0,0,0,0,0,0,0,0,0,0,0

//Plante

3835,Lophophora,Lophophora,Lophophora,94,350000,2000,16800,6800,0,12000,4000,99,12,25,100,70,86,99,0,15,15,2,3,64,405,150,490,286,340,0,0,0,0,0,0,0,0,0,0,0,0,0,0,0,0,0,0,0,0,0,0,0,0,0,0,0,0

//Monstres des Montagnes

3836,Yeti,Yeti,Yeti,62,41000,2000,16800,6800,1,1200,800,50,10,99,20,70,1,40,1,15,15,2,2,62,405,150,450,286,340,0,0,0,0,0,0,0,0,0,0,0,0,0,0,0,0,0,0,0,0,0,0,0,0,0,0,0,0
3837,Pequeno Leão da Montanha,Pequeno Leão da Montanha,Pequeno Leão da Montanha,60,18000,2000,16800,6800,1,4000,2000,40,40,83,80,30,23,30,5,15,15,0,2,62,405,140,420,286,340,0,0,0,0,0,0,0,0,0,0,0,0,0,0,0,0,0,0,0,0,0,0,0,0,0,0,0,0
3838,Pequeno Mamute,Pequeno Mamute,Pequeno Mamute,83,89020,2000,16800,6800,1,5000,3000,60,0,80,0,99,1,40,1,15,15,1,2,62,405,180,600,286,340,0,0,0,0,0,0,0,0,0,0,0,0,0,0,0,0,0,0,0,0,0,0,0,0,0,0,29014,10000
3839,Marmota Fanática,Marmota Fanática,Marmota Fanática,42,8400,2000,16800,6800,1,1000,500,15,15,65,20,1,10,45,1,15,15,0,2,62,405,150,300,286,340,0,0,0,0,0,0,0,0,0,0,0,0,0,0,0,0,0,0,0,0,0,0,0,0,0,0,29012,10000

//Monstres des Cavernes

3840,Ame-en-Peine,Ame-en-Peine,Ame-en-Peine,86,47000,2000,16800,6800,1,3000,1500,0,90,72,40,0,99,56,10,15,15,1,6,87,405,170,500,286,340,0,0,0,0,0,0,0,0,0,0,0,0,0,0,0,0,0,0,0,0,0,0,0,0,0,0,29051,10000
3841,Guardião da Tumba,Guardião da Tumba,Guardião da Tumba,59,27000,2000,16800,6800,1,4000,2500,40,40,85,40,30,1,40,40,15,15,1,0,67,405,150,500,286,340,0,0,0,0,0,0,0,0,0,0,0,0,0,0,0,0,0,0,0,0,0,0,0,0,0,0,29051,10000
3842,Profano,Profano,Profano,69,32000,2000,16800,6800,8,3200,1800,56,36,20,80,1,20,99,53,15,15,1,6,67,405,150,520,286,340,0,0,0,0,0,0,0,0,0,0,0,0,0,0,0,0,0,0,0,0,0,0,0,0,0,0,29051,10000

//Enfants de Danifae

3843,Calíope,Calíope,Calíope,99,532000,2000,16800,6800,1,10000,5000,60,60,73,52,40,30,52,63,15,15,1,7,88,405,150,400,286,340,0,0,0,0,0,0,0,0,0,0,0,0,0,0,0,0,0,0,0,0,0,0,0,0,0,0,0,0
3844,Euterpe,Euterpe,Euterpe,108,850000,2000,16800,6800,4,16000,8000,10,150,99,40,60,10,40,52,15,15,1,8,69,405,150,430,286,340,0,0,0,0,0,0,0,0,0,0,0,0,0,0,0,0,0,0,0,0,0,0,0,0,0,0,0,0
3845,Urânia,Urânia,Urânia,99,569002,2000,16800,6800,1,19000,9000,99,10,90,60,35,86,30,20,15,15,2,7,67,405,170,500,286,340,0,0,0,0,0,0,0,0,0,0,0,0,0,0,0,0,0,0,0,0,0,0,0,0,0,0,0,0

//Tour des Etoiles

3846,Sanguinário,Sanguinário,Sanguinário,32,3200,2000,16800,6800,1,4200,1200,50,10,10,80,2,1,85,65,15,15,0,2,64,405,110,300,286,340,0,0,0,0,0,0,0,0,0,0,0,0,0,0,0,0,0,0,0,0,0,0,0,0,0,0,29046,10000
3847,Talhador,Talhador,Talhador,84,120000,2000,16800,6800,1,25000,12000,90,12,110,20,99,1,76,1,15,15,2,7,68,405,180,500,286,340,0,0,0,0,0,0,0,0,0,0,0,0,0,0,0,0,0,0,0,0,0,0,0,0,0,0,0,0
3848,Guerreiro Estelar,Guerreiro Estelar,Guerreiro Estelar,58,36000,2000,16800,6800,1,1200,800,50,10,65,30,30,15,50,30,15,15,1,7,60,405,150,350,286,340,0,0,0,0,0,0,0,0,0,0,0,0,0,0,0,0,0,0,0,0,0,0,0,0,0,0,0,0
3849,Arqueiro Estelar,Arqueiro Estelar,Arqueiro Estelar,72,41000,2000,16800,6800,9,8000,5000,40,40,10,99,20,1,65,30,15,15,2,7,80,405,150,400,286,340,0,0,0,0,0,0,0,0,0,0,0,0,0,0,0,0,0,0,0,0,0,0,0,0,0,0,0,0
3850,Estrela da Noite,Estrela da Noite,Estrela da Noite,110,3800000,5000,16800,6800,1,51000,18000,60,60,120,32,1,99,65,30,15,15,2,2,62,405,130,400,286,340,0,0,0,0,0,0,0,0,0,0,0,0,0,0,0,0,0,0,0,0,0,0,0,0,0,0,0,0

//Jungle

3851,Jaguar,Jaguar,Jaguar,58,31000,2000,16800,6800,1,300,1800,30,10,60,70,56,1,40,1,15,15,1,2,60,405,130,450,286,340,0,0,0,0,0,0,0,0,0,0,0,0,0,0,0,0,0,0,0,0,0,0,0,0,0,0,0,0
3852,Polvo da Selva,Polvo da Selva,Polvo da Selva,36,12000,2000,16800,6800,1,1200,800,10,10,40,20,20,20,30,1,15,15,0,2,65,405,150,650,286,340,0,0,0,0,0,0,0,0,0,0,0,0,0,0,0,0,0,0,0,0,0,0,0,0,0,0,29008,10000
3853,Dragornica,Dragornica,Dragornica,75,71000,2000,16800,6800,1,6200,2800,40,40,80,40,70,30,40,15,15,15,1,2,62,405,150,450,286,340,0,0,0,0,0,0,0,0,0,0,0,0,0,0,0,0,0,0,0,0,0,0,0,0,0,0,0,0

//Lotus

3854,Lotus Negra,Lotus Negra,Lotus Negra,1,10,2000,0,0,0,0,0,40,40,0,0,0,0,0,0,15,15,1,3,65,468,150,450,286,340,0,0,0,0,0,0,0,0,0,0,0,0,0,0,0,0,0,0,0,0,0,0,0,0,0,0,29010,10000

//Temple Solitude

3855,Gayzoir,Gayzoir,Gayzoir,110,3200000,20000,0,0,2,15000,8000,40,40,50,99,99,80,120,20,15,15,1,6,61,1461,150,550,286,340,0,0,0,0,0,0,0,0,0,0,0,0,0,0,0,0,0,0,0,0,0,0,0,0,0,0,29010,10000

//Chef Bandit

3856,Raymond Barre,Raymond Barre,Raymond Barre,110,6200000,20000,0,0,2,25000,8000,55,80,150,99,99,80,120,50,15,15,2,7,62,2485,120,390,286,340,0,0,0,0,0,0,0,0,0,0,0,0,0,0,0,0,0,0,0,0,0,0,0,0,0,0,29010,10000

//Dragon de Gondar

3857,Dragão de Gondar,Dragão de Gondar,Dragão de Gondar,170,8200000,150000,0,0,4,35000,8000,45,80,250,20,120,200,120,50,15,15,2,9,83,437,150,390,286,540,0,0,0,0,0,0,0,0,0,0,0,0,0,0,0,0,0,0,0,0,0,0,0,0,0,0,0,0

//Lalibela

3858,Taedium Lambert,Taedium Lambert,Taedium Lambert,120,4100000,150000,0,0,2,23000,8000,50,25,170,50,100,200,90,20,15,15,1,2,67,437,120,390,286,490,0,0,0,0,0,0,0,0,0,0,0,0,0,0,0,0,0,0,0,0,0,0,0,0,0,0,0,0
3859,Maestro Ulver,Maestro Ulver,Maestro Ulver,130,2900000,150000,0,0,2,19000,5000,40,40,99,30,30,200,160,20,15,15,1,7,63,437,160,790,286,840,0,0,0,0,0,0,0,0,0,0,0,0,0,0,0,0,0,0,0,0,0,0,0,0,0,0,0,0

//Académie

3860,Ismail,Ismail,Ismail,150,3200000,950000,0,0,1,53000,10000,90,30,200,90,99,120,110,0,15,15,0,2,68,437,130,490,286,840,0,0,0,0,0,0,0,0,0,0,0,0,0,0,0,0,0,0,0,0,0,0,0,0,0,0,0,0

//Salle Royale

3861,Gayssoterie,Gayssoterie,Gayssoterie,150,1200000,950000,0,0,2,103000,40000,90,90,200,10,90,60,90,10,15,15,2,6,68,437,130,490,286,840,0,0,0,0,0,0,0,0,0,0,0,0,0,0,0,0,0,0,0,0,0,0,0,0,0,0,0,0
3862,Fabiussonet,Fabiussonet,Fabiussonet,150,4200000,950000,0,0,1,53000,10000,10,99,150,90,10,150,90,20,15,15,1,6,65,437,160,590,286,840,0,0,0,0,0,0,0,0,0,0,0,0,0,0,0,0,0,0,0,0,0,0,0,0,0,0,0,0

//Combat Final

3863,Mago Cinzento,Mago Cinzento,Mago Cinzento,115,5000,950000,0,0,1,32000,8000,50,50,50,20,50,250,90,20,15,15,2,2,69,500,160,590,286,840,0,0,0,0,0,0,0,0,0,0,0,0,0,0,0,0,0,0,0,0,0,0,0,0,0,0,0,0
3864,Clérigo Sombrio,Clérigo Sombrio,Clérigo Sombrio,99,160000,950000,0,0,1,23000,5000,20,20,150,100,10,1,50,1,15,15,1,6,68,437,160,350,286,840,0,0,0,0,0,0,0,0,0,0,0,0,0,0,0,0,0,0,0,0,0,0,0,0,0,0,0,0
3865,Shandalar,Shandalar,Shandalar,250,9000000,950000,0,0,3,73000,10000,80,80,200,120,99,150,150,80,15,15,1,6,67,437,130,290,286,840,0,0,0,0,0,0,0,0,0,0,0,0,0,0,0,0,0,0,0,0,0,0,0,0,0,0,0,0

//Gondar

3866,Guardião de Gondar,Guardião de Gondar,Guardião de Gondar,77,24324,0,6470,3879,1,1541,2049,65,50,1,57,115,70,76,68,10,12,2,0,83,12437,400,2190,2040,336,0,0,0,0,0,0,0,0,0,0,0,0,0,0,0,0,0,0,0,0,0,0,0,0,0,0,29016,80

//Empire de Rana

3867,Trent,Trent,Trent,56,44324,0,6470,3879,1,4541,2049,40,20,120,12,120,0,43,0,10,12,2,3,62,149,170,590,2040,336,0,0,0,0,0,0,0,0,0,0,0,0,0,0,0,0,0,0,0,0,0,0,0,0,29048,10000,29016,80
3868,Souffleur Trent,Souffleur Trent,Souffleur Trent,56,34324,0,6470,3879,1,2841,2049,30,75,20,10,115,0,100,0,10,12,2,3,62,149,170,390,2040,336,0,0,0,0,0,0,0,0,0,0,0,0,0,0,0,0,0,0,0,0,0,0,0,0,0,0,29048,10000
3869,Sylphide,Sylphide,Sylphide,65,52300,0,6470,3879,1,3200,1800,62,20,40,75,20,56,60,0,10,12,1,3,62,149,120,590,2040,336,0,0,0,0,0,0,0,0,0,0,0,0,0,0,0,0,0,0,0,0,0,0,0,0,0,0,29047,10000
3870,Deusa de Rana,Deusa de Rana,Deusa de Rana,160,2350010,0,0,0,1,23000,15000,70,50,85,80,140,100,110,35,10,12,2,2,62,181,160,590,2040,336,0,0,0,0,0,0,0,0,0,0,0,0,0,0,0,0,0,0,0,0,0,0,0,0,0,0,29048,10000
3871,Herói de Rana,Herói de Rana,Herói de Rana,99,1200000,0,6470,3879,1,16000,6000,45,20,140,50,60,35,120,40,10,12,1,3,62,149,120,490,2040,336,0,0,0,0,0,0,0,0,0,0,0,0,0,0,0,0,0,0,0,0,0,0,0,0,0,0,29016,80
3872,Assassino de Rana,Assassino de Rana,Assassino de Rana,99,890000,0,0,0,1,1541,2049,80,99,95,90,30,50,80,20,10,12,0,2,68,181,100,290,2040,336,1,1,0,0,0,0,0,0,0,0,0,0,0,0,0,0,0,0,0,0,0,0,0,0,0,0,29048,10000
3873,Guerreiro de Rana,Guerreiro de Rana,Guerreiro de Rana,62,63000,0,0,0,1,8000,2000,40,30,75,50,30,10,80,20,10,12,1,3,62,149,400,450,2040,336,0,0,0,0,0,0,0,0,0,0,0,0,0,0,0,0,0,0,0,0,0,0,0,0,0,0,29048,10000
3874,Devorador de Rana,Devorador de Rana,Devorador de Rana,53,36000,0,6470,3879,8,4500,3000,35,20,20,55,45,10,95,30,10,12,1,3,62,149,120,480,2040,336,0,0,0,0,0,0,0,0,0,0,0,0,0,0,0,0,0,0,0,0,0,0,0,0,0,0,29048,10000
3875,Bomba,Bomba,Bomba,1,100,0,0,0,1,0,0,45,20,1,1,1,1,1,1,10,12,1,3,62,84,120,490,2040,336,0,0,0,0,0,0,0,0,0,0,0,0,0,0,0,0,0,0,0,0,0,0,0,0,0,0,0,0

//OmbreTerre

3876,Soldado de Urdines,Soldado de Urdines,Soldado de Urdines,74,43000,2000,0,0,1,5000,4000,45,20,70,50,20,20,50,1,10,12,1,7,69,149,130,490,2040,336,0,0,0,0,0,0,0,0,0,0,0,0,0,0,0,0,0,0,0,0,0,0,0,0,0,0,0,0
3877,Capitão de Urdines,Capitão de Urdines,Capitão de Urdines,89,120000,5000,0,0,2,8500,5000,70,40,120,65,30,40,30,20,10,12,1,7,69,149,120,490,2040,336,0,0,0,0,0,0,0,0,0,0,0,0,0,0,0,0,0,0,0,0,0,0,0,0,0,0,0,0
3878,Encantador Lich,Encantador Liche,Encantador Liche,150,1200000,5000,0,0,1,19000,5000,45,80,120,30,1,130,150,1,10,12,1,7,68,148,120,590,2040,336,0,0,0,0,0,0,0,0,0,0,0,0,0,0,0,0,0,0,0,0,0,0,0,0,0,0,0,0
3879,Koverich Orlie,Koverich Orlie,Koverich Orlie,170,4500000,6000,0,0,1,42000,20000,65,60,120,90,1,80,50,1,10,12,1,7,69,181,110,400,2040,336,1,1,0,0,0,0,0,0,0,0,0,0,0,0,0,0,0,0,0,0,0,0,0,0,0,0,0,0
3880,Monge Lich,Monge Lich,Monge Lich,95,72000,3000,0,0,2,12000,7000,99,20,99,150,20,30,120,10,10,12,1,7,69,149,130,490,2040,336,0,0,0,0,0,0,0,0,0,0,0,0,0,0,0,0,0,0,0,0,0,0,0,0,0,0,0,0
3881,Ladonnai,Ladonnai,Ladonnai,180,2000500,5000,0,0,2,12000,7000,20,80,1,150,1,100,120,120,10,12,1,7,61,181,110,350,2040,336,0,0,0,0,0,0,0,0,0,0,0,0,0,0,0,0,0,0,0,0,0,0,0,0,0,0,0,0
3882,Sereia,Sereia,Sereia,71,58000,3000,0,0,2,12000,7000,40,40,80,70,80,25,50,15,10,12,0,7,61,149,130,490,2040,336,0,0,0,0,0,0,0,0,0,0,0,0,0,0,0,0,0,0,0,0,0,0,0,0,0,0,0,0
3883,Grande Mushush,Grande Mushush,Grande Mushush,92,68000,3000,0,0,2,15000,7000,40,30,120,1,80,50,120,90,10,12,0,3,62,149,160,490,2040,336,0,0,0,0,0,0,0,0,0,0,0,0,0,0,0,0,0,0,0,0,0,0,0,0,0,0,29049,10000
3884,Mushush,Mushush,Mushush,35,24000,3000,0,0,2,6000,2000,40,40,120,20,80,10,20,10,10,12,1,3,62,149,110,290,2040,336,0,0,0,0,0,0,0,0,0,0,0,0,0,0,0,0,0,0,0,0,0,0,0,0,0,0,29049,10000
3885,Guarda do Porto,Guarda do Porto,Guarda do Porto,78,59000,3000,0,0,2,12000,20000,60,45,120,20,90,20,70,10,10,12,1,0,67,149,100,420,2040,336,0,0,0,0,0,0,0,0,0,0,0,0,0,0,0,0,0,0,0,0,0,0,0,0,0,0,0,0
3886,Militar de Urdines,Militar da Urdines,Militar de Urdines,95,350830,3000,0,0,2,26000,8000,70,50,150,60,50,30,130,10,10,12,2,7,68,149,130,390,2040,336,0,0,0,0,0,0,0,0,0,0,0,0,0,0,0,0,0,0,0,0,0,0,0,0,0,0,0,0
3887,Rupoldic'h,Rupoldic'h,Rupoldic'h,160,6500000,3000,0,0,2,32000,15000,80,60,120,60,80,160,30,10,10,12,2,7,88,181,120,350,2040,336,0,0,0,0,0,0,0,0,0,0,0,0,0,0,0,0,0,0,0,0,0,0,0,0,0,0,0,0

//Urunesti

3888,Shogunka,Shogunka,Shogunka,160,3500000,3000,0,0,2,32000,15000,80,60,150,60,4,95,120,10,10,12,2,7,68,149,120,350,2040,336,0,0,0,0,0,0,0,0,0,0,0,0,0,0,0,0,0,0,0,0,0,0,0,0,0,0,0,0
3889,Shogunka,Shogunka,Shogunka,160,40000,3000,0,0,2,32000,15000,80,60,120,60,80,160,30,10,10,12,2,7,68,149,120,350,2040,336,0,0,0,0,0,0,0,0,0,0,0,0,0,0,0,0,0,0,0,0,0,0,0,0,0,0,0,0

//Sidon

3890,Gelatina,Gelatina,Gelatina,70,42000,3000,0,0,2,10000,6000,30,20,80,50,1,20,50,0,10,12,0,2,61,149,100,450,2040,336,0,0,0,0,0,0,0,0,0,0,0,0,0,0,0,0,0,0,0,0,0,0,0,0,0,0,29050,10000
3891,Coveiro,Coveiro,Coveiro,72,62000,3000,0,0,2,16000,8000,40,23,85,60,80,160,30,10,10,12,1,2,61,149,100,350,2040,336,0,0,0,0,0,0,0,0,0,0,0,0,0,0,0,0,0,0,0,0,0,0,0,0,0,0,29050,10000
3892,Festin de Pierre,Festin de Pierre,Festin de Pierre,180,4900000,3000,0,0,8,53000,18000,67,80,98,120,140,60,50,60,15,15,2,3,62,181,100,350,2040,336,0,0,0,0,0,0,0,0,0,0,0,0,0,0,0,0,0,0,0,0,0,0,0,0,0,0,0,0
3893,Guardião de Sidon,Guardião de Sidon,Guardião de Sidon,98,120000,3000,0,0,2,28000,15000,70,15,120,75,80,24,50,10,10,12,1,3,61,149,100,350,2040,336,0,0,0,0,0,0,0,0,0,0,0,0,0,0,0,0,0,0,0,0,0,0,0,0,0,0,29050,10000
3894,Sidonnien,Sidonnien,Sidonnien,100,160000,3000,0,0,2,32000,20000,75,55,150,60,80,10,150,10,10,12,2,5,68,149,120,350,2040,336,0,0,0,0,0,0,0,0,0,0,0,0,0,0,0,0,0,0,0,0,0,0,0,0,0,0,0,0
3895,Espírito Tartaruga,Espírito Tartaruga,Espírito Tartaruga,100,68000000,3000,0,0,2,53000,27000,20,75,200,120,1,80,190,25,10,12,0,2,62,149,120,330,2040,336,0,0,0,0,0,0,0,0,0,0,0,0,0,0,0,0,0,0,0,0,0,0,0,0,0,0,0,0

//Kargah

3896,Larva de Kargha,Larva de Kargha,Larva de Kargha,26,28000,3000,0,0,2,6000,2000,99,50,70,150,0,0,150,0,10,12,1,0,65,149,120,450,2040,336,0,0,0,0,0,0,0,0,0,0,0,0,0,0,0,0,0,0,0,0,0,0,0,0,0,0,0,0
3897,Grande Larva,Grande Larva,Grande Larva,180,8000000,3000,0,0,2,42000,20000,90,40,180,180,0,0,150,0,10,12,2,0,65,149,120,350,2040,336,0,0,0,0,0,0,0,0,0,0,0,0,0,0,0,0,0,0,0,0,0,0,0,0,0,0,0,0
3898,Protetor,Protetor,Protetor,160,1850000,3000,0,0,2,55000,20000,40,50,220,100,0,90,60,20,10,12,2,8,64,149,100,350,2040,336,0,0,0,0,0,0,0,0,0,0,0,0,0,0,0,0,0,0,0,0,0,0,0,0,0,0,0,0
3899,Djoser,Djoser,Djoser,190,2850000,3000,0,0,2,55000,20000,20,90,150,150,150,70,99,53,10,12,1,7,69,181,130,390,2040,336,1,1,0,0,0,0,0,0,0,0,0,0,0,0,0,0,0,0,0,0,0,0,0,0,0,0,0,0

//Entrainement des Mages

3900,Eporing1,Eporing1,Eporing1,1,1,1,0,0,1,1,1,1,1,1,1,1,1,1,1,10,12,1,3,60,0,100,1872,672,480,0,0,0,0,0,0,0,0,0,0,0,0,0,0,0,0,0,0,0,0,0,0,0,0,0,0,0,0
3901,Eporing2,Eporing2,Eporing2,1,1,1,0,0,1,1,1,1,1,1,1,1,1,1,1,10,12,1,3,60,0,100,1872,672,480,0,0,0,0,0,0,0,0,0,0,0,0,0,0,0,0,0,0,0,0,0,0,0,0,0,0,0,0
3902,Eporing3,Eporing3,Eporing3,1,1,1,0,0,1,1,1,1,1,1,1,1,1,1,1,10,12,1,3,60,0,100,1872,672,480,0,0,0,0,0,0,0,0,0,0,0,0,0,0,0,0,0,0,0,0,0,0,0,0,0,0,0,0
3903,Eporing4,Eporing4,Eporing4,1,1,1,0,0,1,1,1,1,1,1,1,1,1,1,1,10,12,1,3,60,0,100,1872,672,480,0,0,0,0,0,0,0,0,0,0,0,0,0,0,0,0,0,0,0,0,0,0,0,0,0,0,0,0
3904,Eporing5,Eporing5,Eporing5,1,1,1,0,0,1,1,1,1,1,1,1,1,1,1,1,10,12,1,3,60,0,100,1872,672,480,0,0,0,0,0,0,0,0,0,0,0,0,0,0,0,0,0,0,0,0,0,0,0,0,0,0,0,0
3905,Eporing6,Eporing6,Eporing6,1,1,1,0,0,1,1,1,1,1,1,1,1,1,1,1,10,12,1,3,60,0,100,1872,672,480,0,0,0,0,0,0,0,0,0,0,0,0,0,0,0,0,0,0,0,0,0,0,0,0,0,0,0,0
3906,Eporing7,Eporing7,Eporing7,1,1,1,0,0,1,1,1,1,1,1,1,1,1,1,1,10,12,1,3,60,0,100,1872,672,480,0,0,0,0,0,0,0,0,0,0,0,0,0,0,0,0,0,0,0,0,0,0,0,0,0,0,0,0
3907,Eporing8,Eporing8,Eporing8,1,1,1,0,0,1,1,1,1,1,1,1,1,1,1,1,10,12,1,3,60,0,100,1872,672,480,0,0,0,0,0,0,0,0,0,0,0,0,0,0,0,0,0,0,0,0,0,0,0,0,0,0,0,0

//Marathon

3908,Poring Bomb,Poring Bomb,Poring Bomb,1,999999,0,0,0,2,0,0,0,0,1,1,1,1,1,1,10,12,0,2,64,133,130,390,2040,336,0,0,0,0,0,0,0,0,0,0,0,0,0,0,0,0,0,0,0,0,0,0,0,0,0,0,0,0

//Néraka

3909,Nelson,Nelson,Nelson,120,3500458,5400,0,0,2,25000,12000,45,30,56,200,6,30,120,60,10,12,1,7,63,2181,120,390,2040,336,0,0,0,0,0,0,0,0,0,0,0,0,0,0,0,0,0,0,0,0,0,0,0,0,0,0,0,0
3910,Fulvo,Fulvo,Fulvo,90,150000,5400,0,0,2,17000,8000,30,99,99,95,25,1,80,60,10,12,0,2,62,133,100,390,2040,336,0,0,0,0,0,0,0,0,0,0,0,0,0,0,0,0,0,0,0,0,0,0,0,0,0,0,0,0
3911,Grifo Arqueiro,Grifo Arqueiro,Grifo Arqueiro,67,36000,5400,0,0,8,4200,1200,20,50,15,50,20,50,90,30,10,12,1,7,60,133,150,490,2040,336,0,0,0,0,0,0,0,0,0,0,0,0,0,0,0,0,0,0,0,0,0,0,0,0,0,0,0,0
3912,Grifo Soldado,Grifo Soldado,Grifo Soldado,70,51000,500,0,0,2,8000,3000,60,20,90,30,50,20,50,15,10,12,1,7,60,133,150,450,2040,336,0,0,0,0,0,0,0,0,0,0,0,0,0,0,0,0,0,0,0,0,0,0,0,0,0,0,0,0
3913,Esclavagista,Esclavagista,Esclavagista,99,82000,1500,0,0,2,12000,4500,55,20,99,60,50,20,80,30,10,12,1,7,64,133,120,450,2040,336,0,0,0,0,0,0,0,0,0,0,0,0,0,0,0,0,0,0,0,0,0,0,0,0,0,0,0,0
3914,Hareishan,Hareishan,Hareishan,150,2500000,5400,0,0,2,32000,18000,82,52,150,60,95,42,100,40,10,12,2,9,64,165,120,390,2040,336,1,1,0,0,0,0,0,0,0,0,0,0,0,0,0,0,0,0,0,0,0,0,0,0,0,0,0,0
3915,Natasha,Natasha,Natasha,135,1205000,10400,0,0,2,4000,1000,50,99,20,60,20,150,100,60,10,12,1,8,66,165,150,690,2040,336,1,1,0,0,0,0,0,0,0,0,0,0,0,0,0,0,0,0,0,0,0,0,0,0,0,0,0,0
3916,Davaeorn,Davaeorn,Davaeorn,180,3650000,5400,0,0,2,12000,6000,60,99,50,70,40,200,140,30,10,12,1,2,62,165,130,460,2040,336,1,1,0,0,0,0,0,0,0,0,0,0,0,0,0,0,0,0,0,0,0,0,0,0,0,0,0,0
3917,Golem Mágico,Golem Mágico,Golem Magico,70,70200,400,0,0,2,8500,4000,20,50,85,35,80,1,30,1,10,12,0,7,64,165,120,350,2040,336,0,0,0,0,0,0,0,0,0,0,0,0,0,0,0,0,0,0,0,0,0,0,0,0,0,0,0,0
3918,Coronel Kadafik,Coronel Kadafik,Coronel Kadafik,165,2600000,6000,0,0,2,19500,6200,53,36,120,60,56,30,95,80,10,12,1,7,85,165,126,390,2040,336,1,1,0,0,0,0,0,0,0,0,0,0,0,0,0,0,0,0,0,0,0,0,0,0,0,0,0,0
3919,Conde de Nemours,Conde de Nemours,Conde de Nemours,165,4200000,6000,0,0,2,6500,2200,40,80,50,20,20,200,160,40,10,12,1,7,67,165,140,390,2040,336,1,1,0,0,0,0,0,0,0,0,0,0,0,0,0,0,0,0,0,0,0,0,0,0,0,0,0,0


//Forteresse Gnoll

3920,Gnoll Caçador,Gnoll Caçador,Gnoll Caçador,72,43000,6000,0,0,2,3500,4200,54,5,20,99,10,1,82,1,10,12,2,7,67,165,140,490,2040,436,0,0,0,0,0,0,0,0,0,0,0,0,0,0,0,0,0,0,0,0,0,0,0,0,0,0,0,0
3921,Gnoll,Gnoll,Gnoll,86,58000,6000,0,0,2,5000,1000,60,20,85,30,50,15,54,2,10,12,2,7,67,165,120,390,2040,336,1,1,0,0,0,0,0,0,0,0,0,0,0,0,0,0,0,0,0,0,0,0,0,0,0,0,0,0
3922,Rob,Rob,Rob,125,560000,6000,0,0,2,15000,5200,80,30,130,40,40,10,60,50,10,12,2,7,67,165,150,250,2040,336,0,0,0,0,0,0,0,0,0,0,0,0,0,0,0,0,0,0,0,0,0,0,0,0,0,0,0,0
3923,Roy,Roy,Roy,140,385000,6000,0,0,1,5000,8200,20,90,10,50,20,140,120,60,10,12,2,7,60,133,130,650,2040,336,0,0,0,0,0,0,0,0,0,0,0,0,0,0,0,0,0,0,0,0,0,0,0,0,0,0,0,0
3924,Mc Kenzaie,Mc Kenzaie,Mc Kenzaie,180,2620000,12000,0,0,1,18000,4200,53,70,150,90,11,35,120,1,10,12,2,7,60,133,120,320,2040,336,0,0,0,0,0,0,0,0,0,0,0,0,0,0,0,0,0,0,0,0,0,0,0,0,0,0,0,0

3925,Warika,Warika,Warika,120,950000,5400,0,0,2,26000,10000,30,30,99,95,29,20,120,4,10,12,1,6,63,2229,120,390,2040,336,1,1,0,0,0,0,0,0,0,0,0,0,0,0,0,0,0,0,0,0,0,0,0,0,0,0,0,0
3926,Chikai,Chikai,Chikai,136,452352,2400,0,0,2,99000,120,1,1,250,70,1,1,220,1,10,12,2,6,20,0x4B5,100,590,2040,336,0,0,0,0,0,0,0,0,0,0,0,0,0,0,0,0,0,0,0,0,0,0,0,0,0,0,0,0
3927,Palacus,Palacus,Palacus,142,1203000,5400,0,0,2,22000,9200,64,5,99,95,85,120,90,20,10,12,0,2,62,165,130,480,2040,336,1,1,0,0,0,0,0,0,0,0,0,0,0,0,0,0,0,0,0,0,0,0,0,0,0,0,0,0
3928,ChowChow,ChowChow,ChowChow,115,950000,5400,0,0,2,12000,4000,55,42,110,150,20,15,20,32,10,12,1,2,62,165,140,520,2040,336,1,1,0,0,0,0,0,0,0,0,0,0,0,0,0,0,0,0,0,0,0,0,0,0,0,0,0,0
3929,Atila,Atila,Atila,200,150000,5400,0,0,2,17000,8000,30,50,53,80,35,60,150,23,10,12,1,2,62,165,123,420,2040,336,1,1,0,0,0,0,0,0,0,0,0,0,0,0,0,0,0,0,0,0,0,0,0,0,0,0,0,0
3930,Sloth,Sloth,Sloth,160,2300000,5400,0,0,2,28000,12000,30,30,140,63,150,20,80,20,10,12,1,2,62,133,140,470,2040,336,0,0,0,0,0,0,0,0,0,0,0,0,0,0,0,0,0,0,0,0,0,0,0,0,0,0,0,0
3931,Apocalyptica,Apocalyptica,Apocalyptica,142,2500200,5400,0,0,2,20000,4000,50,70,120,60,99,60,150,1,10,12,1,2,62,133,130,520,2040,336,0,0,0,0,0,0,0,0,0,0,0,0,0,0,0,0,0,0,0,0,0,0,0,0,0,0,0,0
3932,Tamruan,Tamruan,Tamruan,90,150000,5400,0,0,2,17000,8000,30,99,99,95,25,1,80,60,10,12,0,2,69,3509,100,390,2040,336,0,0,0,0,0,0,0,0,0,0,0,0,0,0,0,0,0,0,0,0,0,0,0,0,0,0,0,0
3933,Ataka,Ataka,Ataka,145,1400200,5400,0,0,2,12000,6000,54,30,105,120,56,20,100,40,10,12,1,2,62,165,180,520,2040,336,1,1,0,0,0,0,0,0,0,0,0,0,0,0,0,0,0,0,0,0,0,0,0,0,0,0,0,0
3934,Yomiel,Yomiel,Yomiel,75,80520,5400,0,0,2,6000,1400,30,20,80,65,49,30,20,60,10,12,1,2,62,165,140,490,2040,336,0,0,0,0,0,0,0,0,0,0,0,0,0,0,0,0,0,0,0,0,0,0,0,0,0,0,0,0
3935,Ziquiel,Ziquiel,Ziquiel,63,58600,5400,0,0,2,5200,2200,50,15,120,52,86,50,99,20,10,12,2,2,62,133,150,530,2040,336,0,0,0,0,0,0,0,0,0,0,0,0,0,0,0,0,0,0,0,0,0,0,0,0,0,0,0,0
3936,Shemhazai,Shemhazai,Shemhazai,85,39000,5400,0,0,2,6000,1000,25,10,99,95,60,50,80,60,10,12,1,2,62,133,140,510,2040,336,0,0,0,0,0,0,0,0,0,0,0,0,0,0,0,0,0,0,0,0,0,0,0,0,0,0,0,0
3937,Matariel,Matariel,Matariel,90,150000,5400,0,0,2,17000,8000,30,99,99,95,25,1,80,60,10,12,0,2,20,0x85,100,390,2040,336,0,0,0,0,0,0,0,0,0,0,0,0,0,0,0,0,0,0,0,0,0,0,0,0,0,0,0,0
3938,Fenri,Fenri,Fenri,300,8000500,5400,0,0,2,36000,14000,60,80,200,175,59,70,90,90,10,12,1,2,62,165,100,320,2040,336,1,1,0,0,0,0,0,0,0,0,0,0,0,0,0,0,0,0,0,0,0,0,0,0,0,0,0,0
3939,Fenri2,Fenri2,Fenri2,200,5700000,5400,0,0,2,25000,8000,70,70,99,200,1,99,200,99,10,12,2,2,62,165,120,390,2040,336,1,1,0,0,0,0,0,0,0,0,0,0,0,0,0,0,0,0,0,0,0,0,0,0,0,0,0,0
3940,Estela,Estela,Estela,1,500,5400,0,0,2,0,0,70,70,1,1,1,1,1,1,10,12,2,3,60,68,120,390,2040,336,0,0,0,0,0,0,0,0,0,0,0,0,0,0,0,0,0,0,0,0,0,0,0,0,0,0,0,0